<CoordinateSystem> { Z-up } 
<Material> Material {
  <Scalar> diffr { 0.640000 }
  <Scalar> diffg { 0.640000 }
  <Scalar> diffb { 0.640000 }
  <Scalar> specr { 0.500000 }
  <Scalar> specg { 0.500000 }
  <Scalar> specb { 0.500000 }
  <Scalar> shininess { 12.5 }
  <Scalar> ambr { 1.000000 }
  <Scalar> ambg { 1.000000 }
  <Scalar> ambb { 1.000000 }
  <Scalar> emitr { 0.000000 }
  <Scalar> emitg { 0.000000 }
  <Scalar> emitb { 0.000000 }
}

<Texture> Texture {
  "./tex/Negevtex.png"
  <Scalar> envtype { MODULATE }
  <Scalar> minfilter { LINEAR_MIPMAP_LINEAR }
  <Scalar> magfilter { LINEAR_MIPMAP_LINEAR }
  <Scalar> wrap { REPEAT }
}

  <Group> Armature.002 {
    <Dart> { 1 }
    <Joint> Bone {
      <Transform> {
        <Matrix4> {
          1.0 0.0 0.0 0.0 
          0.0 0.0 1.0 0.0 
          0.0 -1.0 0.0 0.0 
          0.0 -0.24357271194458008 0.0 1.0 
        }
      }
      <Joint> Bone.001 {
        <Transform> {
          <Matrix4> {
            0.0 -4.371138828673793e-08 -1.0 0.0 
            -0.9999999403953552 0.0 0.0 0.0 
            0.0 1.0 -4.371138828673793e-08 0.0 
            0.0 0.38197556138038635 0.0 1.0 
          }
        }
        <Joint> Bone.002 {
          <Transform> {
            <Matrix4> {
              1.0 0.0 4.371138828673793e-08 0.0 
              0.0 1.0 0.0 0.0 
              -4.371138828673793e-08 0.0 1.0 0.0 
              -1.6696681370831357e-08 0.7830038666725159 9.559286695548508e-10 1.0 
            }
          }
          <Joint> Bone.003 {
            <Transform> {
              <Matrix4> {
                1.0 0.0 0.0 0.0 
                0.0 1.0 0.0 0.0 
                0.0 0.0 1.0 0.0 
                0.0 1.044426679611206 0.0 1.0 
              }
            }
            <Joint> Bone.004 {
              <Transform> {
                <Matrix4> {
                  0.9239403009414673 -0.38120758533477783 -0.03186092898249626 0.0 
                  0.37717893719673157 0.8939435482025146 0.24207675457000732 0.0 
                  -0.06379961967468262 -0.23568174242973328 0.9697337746620178 0.0 
                  0.0 1.1721291542053223 0.0 1.0 
                }
              }
              <Joint> Bone.005 {
                <Transform> {
                  <Matrix4> {
                    0.9713640213012695 0.23605595529079437 -0.02701268158853054 0.0 
                    -0.23545053601264954 0.9411037564277649 -0.24266555905342102 0.0 
                    -0.03186092525720596 0.24207675457000732 0.9697338342666626 0.0 
                    -8.568167686462402e-08 0.3785269260406494 8.940696716308594e-08 1.0 
                  }
                }
                <Joint> Bone.006 {
                  <Transform> {
                    <Matrix4> {
                      0.9902318120002747 0.1385630965232849 -0.015533355064690113 0.0 
                      -0.135702446103096 0.932161271572113 -0.3356490135192871 0.0 
                      -0.03202896565198898 0.3344781994819641 0.9418591856956482 0.0 
                      5.545299330833586e-08 0.1736665815114975 4.496747152415992e-08 1.0 
                    }
                  }
                  <Joint> Bone.007 {
                    <Transform> {
                      <Matrix4> {
                        0.9947181940078735 -0.04659786820411682 -0.09145738929510117 0.0 
                        0.030596064403653145 0.9851157069206238 -0.16914787888526917 0.0 
                        0.09797803312540054 0.16545625030994415 0.9813382029533386 0.0 
                        2.2025778889656067e-07 0.14447130262851715 6.332993507385254e-08 1.0 
                      }
                    }
                  }
                }
              }
            }
            <Joint> Bone.008 {
              <Transform> {
                <Matrix4> {
                  0.9925029277801514 -0.12213042378425598 -0.00469791516661644 0.0 
                  0.11682021617889404 0.9366466999053955 0.33022111654281616 0.0 
                  -0.035929758101701736 -0.32829421758651733 0.9438918828964233 0.0 
                  0.0 1.1721291542053223 0.0 1.0 
                }
              }
              <Joint> Bone.009 {
                <Transform> {
                  <Matrix4> {
                    0.9994882345199585 0.03141717240214348 -0.0060165743343532085 0.0 
                    -0.031978826969861984 0.9768388271331787 -0.21157236397266388 0.0 
                    -0.0007697828114032745 0.21165645122528076 0.9773439168930054 0.0 
                    -1.7578713595867157e-07 0.36365383863449097 1.4901161193847656e-08 1.0 
                  }
                }
                <Joint> Bone.010 {
                  <Transform> {
                    <Matrix4> {
                      0.9980191588401794 0.06243189796805382 -0.007739432156085968 0.0 
                      -0.06072119250893593 0.9238136410713196 -0.37799620628356934 0.0 
                      -0.016449233517050743 0.3777174949645996 0.9257746934890747 0.0 
                      -8.965862008381009e-08 0.16512028872966766 -3.166496753692627e-08 1.0 
                    }
                  }
                  <Joint> Bone.011 {
                    <Transform> {
                      <Matrix4> {
                        0.9928695559501648 0.11505810916423798 0.03116929903626442 0.0 
                        -0.10710201412439346 0.9758245944976807 -0.19051402807235718 0.0 
                        -0.0523359440267086 0.18581733107566833 0.9811895489692688 0.0 
                        -1.57978263359837e-07 0.14850598573684692 -1.2479722499847412e-07 1.0 
                      }
                    }
                  }
                }
              }
            }
            <Joint> Bone.012 {
              <Transform> {
                <Matrix4> {
                  0.9797751903533936 0.2001015990972519 7.264316082000732e-08 0.0 
                  -0.19283455610275269 0.9441927075386047 0.26704853773117065 0.0 
                  0.053436774760484695 -0.2616475522518158 0.9636831283569336 0.0 
                  0.0 1.1721291542053223 0.0 1.0 
                }
              }
              <Joint> Bone.013 {
                <Transform> {
                  <Matrix4> {
                    0.96164870262146 -0.26326239109039307 0.07697111368179321 0.0 
                    0.27379515767097473 0.938106894493103 -0.21211223304271698 0.0 
                    -0.016365954652428627 0.22505182027816772 0.9742093086242676 0.0 
                    3.7580051071017806e-08 0.36846017837524414 2.9802322387695312e-08 1.0 
                  }
                }
                <Joint> Bone.014 {
                  <Transform> {
                    <Matrix4> {
                      0.9970904588699341 0.07085204124450684 0.028121205046772957 0.0 
                      -0.059643521904945374 0.9548578858375549 -0.2910137474536896 0.0 
                      -0.04747067391872406 0.28848975896835327 0.9563055634498596 0.0 
                      1.591397449374199e-07 0.14256425201892853 -3.91155481338501e-08 1.0 
                    }
                  }
                  <Joint> Bone.015 {
                    <Transform> {
                      <Matrix4> {
                        0.9950675964355469 0.09858161956071854 -0.01105448231101036 0.0 
                        -0.09827564656734467 0.9644874334335327 -0.24516502022743225 0.0 
                        -0.013506859540939331 0.24504218995571136 0.9694183468818665 0.0 
                        -2.7567148208618164e-07 0.12896481156349182 5.21540641784668e-08 1.0 
                      }
                    }
                  }
                }
              }
            }
            <Joint> Bone.016 {
              <Transform> {
                <Matrix4> {
                  0.9087478518486023 0.41572824120521545 0.036706577986478806 0.0 
                  -0.41302019357681274 0.8832144141197205 0.22214092314243317 0.0 
                  0.0599304661154747 -0.2170306295156479 0.9743233919143677 0.0 
                  0.0 1.1721291542053223 0.0 1.0 
                }
              }
              <Joint> Bone.017 {
                <Transform> {
                  <Matrix4> {
                    0.9563632607460022 -0.29148414731025696 0.02016367018222809 0.0 
                    0.28040000796318054 0.8962159752845764 -0.34376296401023865 0.0 
                    0.08213046938180923 0.33441615104675293 0.9388399720191956 0.0 
                    1.471489667892456e-07 0.3975152373313904 1.4901161193847656e-08 1.0 
                  }
                }
                <Joint> Bone.018 {
                  <Transform> {
                    <Matrix4> {
                      0.9843223094940186 -0.09895560145378113 -0.1460047960281372 0.0 
                      -0.03131294250488281 0.7165989279747009 -0.6967821717262268 0.0 
                      0.17357738316059113 0.6904300451278687 0.7022657990455627 0.0 
                      2.062879502773285e-07 0.11311796307563782 5.960464477539063e-08 1.0 
                    }
                  }
                  <Joint> Bone.019 {
                    <Transform> {
                      <Matrix4> {
                        0.9949069023132324 -0.08595297485589981 -0.05265219137072563 0.0 
                        0.0836373046040535 0.9954925179481506 -0.04471293464303017 0.0 
                        0.056258078664541245 0.04008146747946739 0.997611403465271 0.0 
                        2.2351741790771484e-08 0.08580541610717773 1.9371509552001953e-07 1.0 
                      }
                    }
                  }
                }
              }
            }
            <Joint> Bone.020 {
              <Transform> {
                <Matrix4> {
                  0.6323301196098328 -0.774473249912262 -0.01870381459593773 0.0 
                  0.7731450200080872 0.6293491125106812 0.07852520793676376 0.0 
                  -0.04904444143176079 -0.06411460787057877 0.9967366456985474 0.0 
                  0.0 1.1721291542053223 0.0 1.0 
                }
              }
              <Joint> Bone.021 {
                <Transform> {
                  <Matrix4> {
                    0.9917144775390625 0.1277948021888733 0.0130707873031497 0.0 
                    -0.12688057124614716 0.9903401136398315 -0.05592706426978111 0.0 
                    -0.0200917050242424 0.053805261850357056 0.9983493089675903 0.0 
                    2.1327286958694458e-07 0.23437649011611938 -2.9802322387695312e-08 1.0 
                  }
                }
                <Joint> Bone.022 {
                  <Transform> {
                    <Matrix4> {
                      0.8204784989356995 0.5709617137908936 -0.02859342470765114 0.0 
                      -0.5705479979515076 0.820975124835968 0.02179102785885334 0.0 
                      0.03591633960604668 -0.001565147889778018 0.9993534684181213 0.0 
                      -1.986045390367508e-07 0.15386991202831268 -2.9802322387695312e-08 1.0 
                    }
                  }
                }
              }
            }
          }
        }
      }
      <Joint> Bone.023 {
        <Transform> {
          <Matrix4> {
            0.0 1.0 1.5099580252808664e-07 0.0 
            1.0 0.0 0.0 0.0 
            0.0 1.5099580252808664e-07 -1.0 0.0 
            0.0 0.38197556138038635 0.0 1.0 
          }
        }
        <Joint> Bone.024 {
          <Transform> {
            <Matrix4> {
              1.0 0.0 7.549790126404332e-08 0.0 
              0.0 1.0 0.0 0.0 
              -7.549790126404332e-08 0.0 1.0 0.0 
              -8.740300927456701e-09 0.7830038070678711 5.767670785417067e-08 1.0 
            }
          }
          <Joint> Bone.025 {
            <Transform> {
              <Matrix4> {
                1.0 0.0 0.0 0.0 
                0.0 1.0 0.0 0.0 
                0.0 0.0 1.0 0.0 
                -4.370150463728351e-09 1.0444265604019165 2.8838353927085336e-08 1.0 
              }
            }
            <Joint> Bone.026 {
              <Transform> {
                <Matrix4> {
                  -0.8532521724700928 0.3812076151371002 -0.3558671176433563 0.0 
                  0.2420768290758133 0.8939436078071594 0.37717902660369873 0.0 
                  0.46190857887268066 0.23568156361579895 -0.8550406694412231 0.0 
                  -4.370150463728351e-09 1.1721292734146118 2.8838353927085336e-08 1.0 
                }
              }
              <Joint> Bone.027 {
                <Transform> {
                  <Matrix4> {
                    0.40997061133384705 -0.23605599999427795 0.8810229897499084 0.0 
                    0.32231155037879944 0.9411039352416992 0.10217096656560898 0.0 
                    -0.8532522320747375 0.2420768439769745 0.4619084298610687 0.0 
                    2.086162567138672e-07 0.37852713465690613 2.5331974029541016e-07 1.0 
                  }
                }
                <Joint> Bone.028 {
                  <Transform> {
                    <Matrix4> {
                      -0.9837904572486877 0.1668647676706314 0.06567028164863586 0.0 
                      0.13570235669612885 0.9321609735488892 -0.3356489837169647 0.0 
                      -0.11722330003976822 -0.321296751499176 -0.9396952390670776 0.0 
                      4.770141259768934e-08 0.17366638779640198 8.749921676098893e-09 1.0 
                    }
                  }
                  <Joint> Bone.029 {
                    <Transform> {
                      <Matrix4> {
                        0.9835991859436035 0.015338977798819542 -0.17971456050872803 0.0 
                        0.015909280627965927 0.9851157665252686 0.1711549013853073 0.0 
                        0.1796649694442749 -0.17120693624019623 0.9687150120735168 0.0 
                        -4.116445779800415e-07 0.14447148144245148 -4.470348358154297e-08 1.0 
                      }
                    }
                  }
                }
              }
            }
            <Joint> Bone.030 {
              <Transform> {
                <Matrix4> {
                  -0.6204630136489868 0.12213047593832016 0.774667501449585 0.0 
                  0.33022117614746094 0.9366467595100403 0.11682023853063583 0.0 
                  -0.7113224864006042 0.3282942771911621 -0.6214846968650818 0.0 
                  -4.370150463728351e-09 1.1721292734146118 2.8838353927085336e-08 1.0 
                }
              }
              <Joint> Bone.031 {
                <Transform> {
                  <Matrix4> {
                    0.8336832523345947 -0.19323177635669708 0.5173332691192627 0.0 
                    0.11407562345266342 0.9768390655517578 0.1810310333967209 0.0 
                    -0.5403323173522949 -0.09190739691257477 0.8364174365997314 0.0 
                    -5.960464477539063e-08 0.3636540174484253 5.960464477539063e-08 1.0 
                  }
                }
                <Joint> Bone.032 {
                  <Transform> {
                    <Matrix4> {
                      0.10491811484098434 0.1405811458826065 -0.9844942688941956 0.0 
                      0.34374353289604187 0.9238134622573853 0.16854919493198395 0.0 
                      0.933184027671814 -0.35609742999076843 0.04860091954469681 0.0 
                      -5.960464477539063e-08 0.16512009501457214 -1.4901161193847656e-08 1.0 
                    }
                  }
                  <Joint> Bone.033 {
                    <Transform> {
                      <Matrix4> {
                        0.8327543139457703 0.030866285786032677 0.5527816414833069 0.0 
                        -0.14482302963733673 0.9758245348930359 0.16368480026721954 0.0 
                        -0.5343655943870544 -0.21636472642421722 0.8170923590660095 0.0 
                        -6.705522537231445e-08 0.1485055685043335 0.0 1.0 
                      }
                    }
                  }
                }
              }
            }
            <Joint> Bone.034 {
              <Transform> {
                <Matrix4> {
                  0.9300394654273987 -0.20010165870189667 0.30819767713546753 0.0 
                  0.26704853773117065 0.94419264793396 -0.19283455610275269 0.0 
                  -0.25241148471832275 0.261647492647171 0.9315734505653381 0.0 
                  -4.370150463728351e-09 1.1721292734146118 2.8838353927085336e-08 1.0 
                }
              }
              <Joint> Bone.035 {
                <Transform> {
                  <Matrix4> {
                    -0.9790340662002563 -0.07411690801382065 -0.18973398208618164 0.0 
                    -0.13299371302127838 0.9381068348884583 0.31979402899742126 0.0 
                    0.15428857505321503 0.3383226692676544 -0.9282956719398499 0.0 
                    5.960464477539063e-08 0.3684598207473755 7.450580596923828e-08 1.0 
                  }
                }
                <Joint> Bone.036 {
                  <Transform> {
                    <Matrix4> {
                      -0.539671778678894 0.08653853833675385 -0.8374159932136536 0.0 
                      0.2847019135951996 0.9548578858375549 -0.0848008543252945 0.0 
                      0.7922746539115906 -0.28417855501174927 -0.5399475693702698 0.0 
                      -5.960464477539063e-08 0.142564058303833 -1.4901161193847656e-07 1.0 
                    }
                  }
                  <Joint> Bone.037 {
                    <Transform> {
                      <Matrix4> {
                        0.9166231751441956 0.006795933470129967 0.39969468116760254 0.0 
                        -0.11154915392398834 0.9644874334335327 0.23941758275032043 0.0 
                        -0.38387343287467957 -0.26404130458831787 0.8848294019699097 0.0 
                        3.725290298461914e-08 0.1289648711681366 -4.470348358154297e-08 1.0 
                      }
                    }
                  }
                }
              }
            }
            <Joint> Bone.038 {
              <Transform> {
                <Matrix4> {
                  0.7784357070922852 -0.41572830080986023 -0.4703274071216583 0.0 
                  0.22214096784591675 0.8832144141197205 -0.4130202531814575 0.0 
                  0.5871042013168335 0.21703073382377625 0.7798758745193481 0.0 
                  -4.370150463728351e-09 1.1721292734146118 2.8838353927085336e-08 1.0 
                }
              }
              <Joint> Bone.039 {
                <Transform> {
                  <Matrix4> {
                    -0.6806660890579224 -0.31113216280937195 -0.6632423400878906 0.0 
                    -0.4423479437828064 0.8962154984474182 0.03354710340499878 0.0 
                    0.5839707851409912 0.31621837615966797 -0.7476524710655212 0.0 
                    8.940696716308594e-08 0.3975149989128113 -1.1920928955078125e-07 1.0 
                  }
                }
                <Joint> Bone.040 {
                  <Transform> {
                    <Matrix4> {
                      0.10272639989852905 -0.13034187257289886 -0.9861329793930054 0.0 
                      0.6971354484558105 0.7165991067886353 -0.022095002233982086 0.0 
                      0.709541916847229 -0.6851984262466431 0.16447953879833221 0.0 
                      1.4901161193847656e-08 0.11311817169189453 1.1175870895385742e-07 1.0 
                    }
                  }
                  <Joint> Bone.041 {
                    <Transform> {
                      <Matrix4> {
                        0.9809061884880066 -0.07700686901807785 -0.17858660221099854 0.0 
                        0.08558955043554306 0.995492696762085 0.04085167497396469 0.0 
                        0.17463573813438416 -0.05535677447915077 0.9830757975578308 0.0 
                        -1.2665987014770508e-07 0.08580553531646729 -5.960464477539063e-08 1.0 
                      }
                    }
                  }
                }
              }
            }
            <Joint> Bone.042 {
              <Transform> {
                <Matrix4> {
                  -0.14545667171478271 0.7744733095169067 -0.6156569123268127 0.0 
                  0.07852518558502197 0.6293492317199707 0.7731451988220215 0.0 
                  0.986243486404419 0.06411460041999817 -0.15235862135887146 0.0 
                  -4.370150463728351e-09 1.1721292734146118 2.8838353927085336e-08 1.0 
                }
              }
              <Joint> Bone.043 {
                <Transform> {
                  <Matrix4> {
                    0.9855974912643433 -0.12995898723602295 0.10820470005273819 0.0 
                    0.13435016572475433 0.9903401136398315 -0.03430114686489105 0.0 
                    -0.10270170867443085 0.04834446310997009 0.9935367703437805 0.0 
                    -4.470348358154297e-08 0.23437663912773132 0.0 1.0 
                  }
                }
                <Joint> Bone.044 {
                  <Transform> {
                    <Matrix4> {
                      0.747427225112915 -0.49322617053985596 -0.4450622797012329 0.0 
                      0.5691132545471191 0.8209750056266785 0.045936111360788345 0.0 
                      0.3427281081676483 -0.2876248061656952 0.894320547580719 0.0 
                      -1.5087425708770752e-07 0.1538698673248291 -2.60770320892334e-08 1.0 
                    }
                  }
                }
              }
            }
          }
        }
      }
    }
    <Joint> Bone.045 {
      <Transform> {
        <Matrix4> {
          1.0 0.0 0.0 0.0 
          0.0 0.0 1.0 0.0 
          0.0 -1.0 0.0 0.0 
          0.9787948727607727 2.016505241394043 0.09739962220191956 1.0 
        }
      }
      <Group> Cube {
        <Transform> {
          <Matrix4> {
            -0.10251560807228088 1.5479425741204977e-08 0.0 0.0 
            -1.5479425741204977e-08 -0.10251560807228088 0.0 0.0 
            0.0 0.0 0.10251560807228088 0.0 
            0.920067548751831 -0.46219515800476074 0.36248499155044556 1.0 
          }
        }
        
        <VertexPool> Cube {
        
          <Vertex> 0 {0.947915 1.930688 0.272854
            <UV>  {
              0.867481 0.288170 
            }
          }
          <Vertex> 1 {0.947915 1.928894 0.336555
            <UV>  {
              0.867481 0.303659 
            }
          }
          <Vertex> 2 {0.875606 1.928894 0.336555
            <UV>  {
              0.849906 0.303659 
            }
          }
          <Vertex> 3 {0.875606 1.930688 0.272854
            <UV>  {
              0.849906 0.288170 
            }
          }
          <Vertex> 4 {0.875606 1.930688 0.272854
            <UV>  {
              0.870729 0.682137 
            }
          }
          <Vertex> 5 {0.875606 1.928894 0.336555
            <UV>  {
              0.871165 0.697622 
            }
          }
          <Vertex> 6 {0.875606 2.133925 0.336555
            <UV>  {
              0.821323 0.697621 
            }
          }
          <Vertex> 7 {0.875606 2.135719 0.272854
            <UV>  {
              0.820888 0.682136 
            }
          }
          <Vertex> 8 {0.947915 1.930688 0.272854
            <UV>  {
              0.867481 0.288170 
            }
          }
          <Vertex> 9 {0.875606 1.930688 0.272854
            <UV>  {
              0.849906 0.288170 
            }
          }
          <Vertex> 10 {0.875606 2.135719 0.272854
            <UV>  {
              0.849906 0.238337 
            }
          }
          <Vertex> 11 {0.947915 2.135719 0.272854
            <UV>  {
              0.867480 0.238337 
            }
          }
          <Vertex> 12 {0.947915 2.133925 0.336555
            <UV>  {
              0.867480 0.222848 
            }
          }
          <Vertex> 13 {0.875606 2.133925 0.336555
            <UV>  {
              0.849906 0.222848 
            }
          }
          <Vertex> 14 {0.875606 2.119802 0.422508
            <UV>  {
              0.849906 0.201677 
            }
          }
          <Vertex> 15 {0.947915 2.119802 0.422508
            <UV>  {
              0.867480 0.201677 
            }
          }
          <Vertex> 16 {0.875606 2.135719 0.272854
            <UV>  {
              0.849906 0.238337 
            }
          }
          <Vertex> 17 {0.875606 2.133925 0.336555
            <UV>  {
              0.849906 0.222848 
            }
          }
          <Vertex> 18 {0.947915 2.133925 0.336555
            <UV>  {
              0.867480 0.222848 
            }
          }
          <Vertex> 19 {0.947915 2.135719 0.272854
            <UV>  {
              0.867480 0.238337 
            }
          }
          <Vertex> 20 {0.947915 2.119802 0.422508
            <UV>  {
              0.867480 0.201677 
            }
          }
          <Vertex> 21 {0.875606 2.119802 0.422508
            <UV>  {
              0.849906 0.201677 
            }
          }
          <Vertex> 22 {0.875606 2.124115 0.512982
            <UV>  {
              0.849906 0.179662 
            }
          }
          <Vertex> 23 {0.947915 2.124115 0.512982
            <UV>  {
              0.867480 0.179662 
            }
          }
          <Vertex> 24 {0.875606 2.133925 0.336555
            <UV>  {
              0.821323 0.697621 
            }
          }
          <Vertex> 25 {0.875606 1.928894 0.336555
            <UV>  {
              0.871165 0.697622 
            }
          }
          <Vertex> 26 {0.875606 1.914770 0.422508
            <UV>  {
              0.874598 0.718517 
            }
          }
          <Vertex> 27 {0.875606 2.119802 0.422508
            <UV>  {
              0.824757 0.718516 
            }
          }
          <Vertex> 28 {0.875606 1.928894 0.336555
            <UV>  {
              0.849906 0.303659 
            }
          }
          <Vertex> 29 {0.947915 1.928894 0.336555
            <UV>  {
              0.867481 0.303659 
            }
          }
          <Vertex> 30 {0.947915 1.914770 0.422508
            <UV>  {
              0.867481 0.324830 
            }
          }
          <Vertex> 31 {0.875606 1.914770 0.422508
            <UV>  {
              0.849906 0.324830 
            }
          }
          <Vertex> 32 {0.875606 1.914770 0.422508
            <UV>  {
              0.849906 0.324830 
            }
          }
          <Vertex> 33 {0.947915 1.914770 0.422508
            <UV>  {
              0.867481 0.324830 
            }
          }
          <Vertex> 34 {0.947915 1.919084 0.512982
            <UV>  {
              0.867481 0.346845 
            }
          }
          <Vertex> 35 {0.875606 1.919084 0.512982
            <UV>  {
              0.849906 0.346845 
            }
          }
          <Vertex> 36 {0.875606 2.119802 0.422508
            <UV>  {
              0.824757 0.718516 
            }
          }
          <Vertex> 37 {0.875606 1.914770 0.422508
            <UV>  {
              0.874598 0.718517 
            }
          }
          <Vertex> 38 {0.875606 1.919084 0.512982
            <UV>  {
              0.873549 0.740510 
            }
          }
          <Vertex> 39 {0.875606 2.124115 0.512982
            <UV>  {
              0.823708 0.740509 
            }
          }
          <Vertex> 40 {0.875606 2.141488 0.589792
            <UV>  {
              0.819484 0.759181 
            }
          }
          <Vertex> 41 {0.875606 1.936457 0.589792
            <UV>  {
              0.869325 0.759182 
            }
          }
          <Vertex> 42 {0.875606 1.901779 0.660345
            <UV>  {
              0.877755 0.776333 
            }
          }
          <Vertex> 43 {0.875606 2.158868 0.685742
            <UV>  {
              0.815259 0.782506 
            }
          }
          <Vertex> 44 {0.875606 2.124115 0.512982
            <UV>  {
              0.823708 0.740509 
            }
          }
          <Vertex> 45 {0.875606 1.919084 0.512982
            <UV>  {
              0.873549 0.740510 
            }
          }
          <Vertex> 46 {0.875606 1.936457 0.589792
            <UV>  {
              0.869325 0.759182 
            }
          }
          <Vertex> 47 {0.875606 2.141488 0.589792
            <UV>  {
              0.819484 0.759181 
            }
          }
          <Vertex> 48 {0.947915 2.124115 0.512982
            <UV>  {
              0.867480 0.179662 
            }
          }
          <Vertex> 49 {0.875606 2.124115 0.512982
            <UV>  {
              0.849906 0.179662 
            }
          }
          <Vertex> 50 {0.875606 2.141488 0.589792
            <UV>  {
              0.849906 0.160522 
            }
          }
          <Vertex> 51 {0.947915 2.141488 0.589792
            <UV>  {
              0.867480 0.160521 
            }
          }
          <Vertex> 52 {0.875606 1.919084 0.512982
            <UV>  {
              0.849906 0.346845 
            }
          }
          <Vertex> 53 {0.947915 1.919084 0.512982
            <UV>  {
              0.867481 0.346845 
            }
          }
          <Vertex> 54 {0.947915 1.936457 0.589792
            <UV>  {
              0.867481 0.365986 
            }
          }
          <Vertex> 55 {0.875606 1.936457 0.589792
            <UV>  {
              0.849906 0.365986 
            }
          }
          <Vertex> 56 {0.913198 2.264809 0.629143
            <UV>  {
              0.927986 0.839936 
            }
          }
          <Vertex> 57 {0.887569 2.264809 0.629143
            <UV>  {
              0.928194 0.846291 
            }
          }
          <Vertex> 58 {0.875606 2.264809 0.629143
            <UV>  {
              0.928236 0.849252 
            }
          }
          <Vertex> 59 {0.875606 2.370750 0.646264
            <UV>  {
              0.902318 0.849537 
            }
          }
          <Vertex> 60 {0.896657 2.370750 0.646264
            <UV>  {
              0.902292 0.844470 
            }
          }
          <Vertex> 61 {0.947915 2.141488 0.589792
            <UV>  {
              0.867480 0.160521 
            }
          }
          <Vertex> 62 {0.875606 2.141488 0.589792
            <UV>  {
              0.849906 0.160522 
            }
          }
          <Vertex> 63 {0.875606 2.158868 0.685742
            <UV>  {
              0.849906 0.136821 
            }
          }
          <Vertex> 64 {0.887569 2.158868 0.685742
            <UV>  {
              0.858693 0.136668 
            }
          }
          <Vertex> 65 {0.913198 2.158868 0.685742
            <UV>  {
              0.863088 0.136668 
            }
          }
          <Vertex> 66 {0.922286 2.158868 0.685742
            <UV>  {
              0.865286 0.136706 
            }
          }
          <Vertex> 67 {0.947915 2.158868 0.685742
            <UV>  {
              0.867480 0.136821 
            }
          }
          <Vertex> 68 {0.875606 1.936457 0.589792
            <UV>  {
              0.849906 0.365986 
            }
          }
          <Vertex> 69 {0.947915 1.936457 0.589792
            <UV>  {
              0.867481 0.365986 
            }
          }
          <Vertex> 70 {0.947915 1.901778 0.660345
            <UV>  {
              0.867481 0.385093 
            }
          }
          <Vertex> 71 {0.875606 1.901779 0.660345
            <UV>  {
              0.849906 0.385093 
            }
          }
          <Vertex> 72 {0.875606 1.953836 0.782942
            <UV>  {
              0.865100 0.806135 
            }
          }
          <Vertex> 73 {0.875606 1.953836 0.704383
            <UV>  {
              0.865100 0.787038 
            }
          }
          <Vertex> 74 {0.875606 1.789859 0.704383
            <UV>  {
              0.904962 0.787039 
            }
          }
          <Vertex> 75 {0.875606 1.789859 0.782942
            <UV>  {
              0.904961 0.806135 
            }
          }
          <Vertex> 76 {0.875606 2.158868 0.685742
            <UV>  {
              0.815259 0.782506 
            }
          }
          <Vertex> 77 {0.875606 1.901779 0.660345
            <UV>  {
              0.877755 0.776333 
            }
          }
          <Vertex> 78 {0.875606 1.953836 0.704383
            <UV>  {
              0.865100 0.787038 
            }
          }
          <Vertex> 79 {0.875606 2.158868 0.704383
            <UV>  {
              0.815259 0.787037 
            }
          }
          <Vertex> 80 {0.875606 2.158868 0.699723
            <UV>  {
              0.815219 0.785905 
            }
          }
          <Vertex> 81 {0.875606 2.158868 0.695063
            <UV>  {
              0.815209 0.785338 
            }
          }
          <Vertex> 82 {0.875606 2.158868 0.690402
            <UV>  {
              0.815219 0.784772 
            }
          }
          <Vertex> 83 {0.947915 2.158868 0.782942
            <UV>  {
              0.000772 0.932758 
            }
          }
          <Vertex> 84 {0.875606 2.158868 0.782942
            <UV>  {
              0.000741 0.915417 
            }
          }
          <Vertex> 85 {0.875606 2.403378 0.784031
            <UV>  {
              0.059782 0.915213 
            }
          }
          <Vertex> 86 {0.947915 2.403378 0.781853
            <UV>  {
              0.060027 0.932759 
            }
          }
          <Vertex> 87 {0.875606 2.158868 0.704383
            <UV>  {
              0.815259 0.787037 
            }
          }
          <Vertex> 88 {0.875606 1.953836 0.704383
            <UV>  {
              0.865100 0.787038 
            }
          }
          <Vertex> 89 {0.875606 1.953836 0.782942
            <UV>  {
              0.865100 0.806135 
            }
          }
          <Vertex> 90 {0.875606 2.158868 0.782942
            <UV>  {
              0.815259 0.806134 
            }
          }
          <Vertex> 91 {0.947915 2.158868 0.704383
            <UV>  {
              0.151112 0.935273 
            }
          }
          <Vertex> 92 {0.922286 2.158868 0.704383
            <UV>  {
              0.151550 0.929135 
            }
          }
          <Vertex> 93 {0.913198 2.158868 0.704383
            <UV>  {
              0.151777 0.926503 
            }
          }
          <Vertex> 94 {0.887569 2.158868 0.704383
            <UV>  {
              0.152247 0.922590 
            }
          }
          <Vertex> 95 {0.875606 2.158868 0.704383
            <UV>  {
              0.152698 0.918731 
            }
          }
          <Vertex> 96 {0.875606 2.158868 0.782942
            <UV>  {
              0.170670 0.920455 
            }
          }
          <Vertex> 97 {0.947915 2.158868 0.782942
            <UV>  {
              0.169084 0.936997 
            }
          }
          <Vertex> 98 {0.947915 1.789859 0.796371
            <UV>  {
              0.926399 0.250280 
            }
          }
          <Vertex> 99 {0.949771 1.789859 1.096278
            <UV>  {
              0.926400 0.323185 
            }
          }
          <Vertex> 100 {0.947915 1.953836 1.096278
            <UV>  {
              0.886537 0.323187 
            }
          }
          <Vertex> 101 {0.947915 1.953836 0.796371
            <UV>  {
              0.886537 0.250280 
            }
          }
          <Vertex> 102 {0.845399 2.158868 0.796371
            <UV>  {
              0.630313 0.713434 
            }
          }
          <Vertex> 103 {0.845399 1.953836 0.796371
            <UV>  {
              0.679515 0.721391 
            }
          }
          <Vertex> 104 {0.847255 1.953836 1.096278
            <UV>  {
              0.667876 0.793362 
            }
          }
          <Vertex> 105 {0.847255 2.158868 1.096278
            <UV>  {
              0.618673 0.785405 
            }
          }
          <Vertex> 106 {0.875606 1.953836 0.704383
            <UV>  {
              0.865100 0.787038 
            }
          }
          <Vertex> 107 {0.875606 1.901779 0.660345
            <UV>  {
              0.877755 0.776333 
            }
          }
          <Vertex> 108 {0.875606 1.826644 0.669643
            <UV>  {
              0.896020 0.778593 
            }
          }
          <Vertex> 109 {0.875606 1.789859 0.704383
            <UV>  {
              0.904962 0.787039 
            }
          }
          <Vertex> 110 {0.845399 2.391035 0.797461
            <UV>  {
              0.574556 0.704685 
            }
          }
          <Vertex> 111 {0.845399 2.158868 0.796371
            <UV>  {
              0.630313 0.713434 
            }
          }
          <Vertex> 112 {0.847255 2.158868 1.096278
            <UV>  {
              0.618673 0.785405 
            }
          }
          <Vertex> 113 {0.847255 2.391035 1.097368
            <UV>  {
              0.562916 0.776657 
            }
          }
          <Vertex> 114 {0.875606 2.158868 0.782942
            <UV>  {
              0.658508 0.590458 
            }
          }
          <Vertex> 115 {0.875606 1.953836 0.782942
            <UV>  {
              0.708350 0.590458 
            }
          }
          <Vertex> 116 {0.845399 1.953836 0.796371
            <UV>  {
              0.708350 0.598495 
            }
          }
          <Vertex> 117 {0.845399 2.158868 0.796371
            <UV>  {
              0.658508 0.598495 
            }
          }
          <Vertex> 118 {0.875606 2.264809 0.638463
            <UV>  {
              0.569286 0.937941 
            }
          }
          <Vertex> 119 {0.875606 2.264809 0.643124
            <UV>  {
              0.569387 0.939075 
            }
          }
          <Vertex> 120 {0.875606 2.264809 0.647784
            <UV>  {
              0.569448 0.940208 
            }
          }
          <Vertex> 121 {0.875606 2.370750 0.664905
            <UV>  {
              0.544023 0.946193 
            }
          }
          <Vertex> 122 {0.875606 2.370750 0.655585
            <UV>  {
              0.543900 0.943931 
            }
          }
          <Vertex> 123 {0.913198 2.264809 0.647784
            <UV>  {
              0.117960 0.924897 
            }
          }
          <Vertex> 124 {0.922286 2.264809 0.647784
            <UV>  {
              0.117932 0.927819 
            }
          }
          <Vertex> 125 {0.947915 2.264809 0.647784
            <UV>  {
              0.117717 0.932990 
            }
          }
          <Vertex> 126 {0.947915 2.370750 0.664905
            <UV>  {
              0.092054 0.932817 
            }
          }
          <Vertex> 127 {0.913198 2.370750 0.664905
            <UV>  {
              0.092110 0.924499 
            }
          }
          <Vertex> 128 {0.875606 2.391035 0.660339
            <UV>  {
              0.539039 0.945440 
            }
          }
          <Vertex> 129 {0.875606 2.403378 0.691271
            <UV>  {
              0.536591 0.953134 
            }
          }
          <Vertex> 130 {0.875606 2.420525 0.704383
            <UV>  {
              0.532673 0.956602 
            }
          }
          <Vertex> 131 {0.875606 2.420525 0.685742
            <UV>  {
              0.532349 0.952095 
            }
          }
          <Vertex> 132 {0.875606 2.370750 0.664905
            <UV>  {
              0.092163 0.915456 
            }
          }
          <Vertex> 133 {0.913198 2.370750 0.664905
            <UV>  {
              0.092110 0.924499 
            }
          }
          <Vertex> 134 {0.947915 2.370750 0.664905
            <UV>  {
              0.092054 0.932817 
            }
          }
          <Vertex> 135 {0.947915 2.403378 0.691271
            <UV>  {
              0.081994 0.932759 
            }
          }
          <Vertex> 136 {0.875606 2.403378 0.691271
            <UV>  {
              0.082086 0.915403 
            }
          }
          <Vertex> 137 {0.875606 2.370750 0.646264
            <UV>  {
              0.543700 0.941685 
            }
          }
          <Vertex> 138 {0.875606 2.370750 0.655585
            <UV>  {
              0.543900 0.943931 
            }
